25
52
1 2 114732
1 10 113590
1 11 113750
1 12 113036
1 14 110945
1 21 107163
1 22 106383
3 7 18435
3 9 16893
3 12 19565
3 13 19810
3 14 17474
3 19 18873
4 5 22899
4 6 26680
4 10 26010
4 15 19672
4 16 24896
4 20 22095
5 16 14700
5 17 12104
6 11 19755
6 15 13257
6 16 18481
6 20 15680
6 24 15105
6 25 13152
7 8 18239
7 13 16933
8 13 19615
8 23 13030
9 13 15391
9 18 13405
9 19 14454
10 20 15010
10 21 12498
11 20 15170
11 21 12658
11 22 11878
11 24 14595
12 14 15726
14 19 15035
14 22 9073
14 24 11790
15 20 8672
16 17 14101
16 25 11368
18 19 15385
18 24 12140
20 21 8583
22 24 7228
24 25 7992